{
  "left": {
    "precision": 0.9685863874345549,
    "recall": 0.9158415841584159,
    "f1-score": 0.9414758269720102,
    "support": 404.0
  },
  "right": {
    "precision": 0.5,
    "recall": 0.7391304347826086,
    "f1-score": 0.5964912280701754,
    "support": 46.0
  },
  "accuracy": 0.8977777777777778,
  "macro avg": {
    "precision": 0.7342931937172774,
    "recall": 0.8274860094705123,
    "f1-score": 0.7689835275210928,
    "support": 450.0
  },
  "weighted avg": {
    "precision": 0.9206864456079115,
    "recall": 0.8977777777777778,
    "f1-score": 0.9062107346398226,
    "support": 450.0
  }
}