{
  "left": {
    "precision": 0.9632352941176471,
    "recall": 0.9727722772277227,
    "f1-score": 0.9679802955665024,
    "support": 404.0
  },
  "right": {
    "precision": 0.7380952380952381,
    "recall": 0.6739130434782609,
    "f1-score": 0.7045454545454546,
    "support": 46.0
  },
  "accuracy": 0.9422222222222222,
  "macro avg": {
    "precision": 0.8506652661064427,
    "recall": 0.8233426603529919,
    "f1-score": 0.8362628750559785,
    "support": 450.0
  },
  "weighted avg": {
    "precision": 0.9402209772798008,
    "recall": 0.9422222222222222,
    "f1-score": 0.9410514007065731,
    "support": 450.0
  }
}