{
  "left": {
    "precision": 0.9435294117647058,
    "recall": 0.9925742574257426,
    "f1-score": 0.9674306393244874,
    "support": 404.0
  },
  "right": {
    "precision": 0.88,
    "recall": 0.4782608695652174,
    "f1-score": 0.6197183098591549,
    "support": 46.0
  },
  "accuracy": 0.94,
  "macro avg": {
    "precision": 0.9117647058823529,
    "recall": 0.73541756349548,
    "f1-score": 0.7935744745918212,
    "support": 450.0
  },
  "weighted avg": {
    "precision": 0.9370352941176471,
    "recall": 0.94,
    "f1-score": 0.9318867123124757,
    "support": 450.0
  }
}